20.862532233625007
20.42763797175961
20.514145906677918
19.660451985905986
19.587141059188596
19.144373720918793
18.352338886866015
17.971214728828052
17.749673890469435
17.43240562024207
16.942563368867386
16.465327718640957
15.79071734287734
15.705083590117262
15.318034673727269
14.450660712336623
14.491377202485074
14.149907625476148
13.732431825652785
13.295027891488125
13.09668142432959
12.172842878715205
11.82583311588809
11.559175860317193
10.984012824980356
10.771872422677925
10.266419459032697
9.78496200536338
9.004018168182816
9.01090879988208
8.703201489835617
8.700186011776939
7.830210527401925
7.557576833152192
7.385580868333876
6.793423313513209
6.794861460551398
5.740982242733832
5.477804500424529
5.257706267382578
4.879144815237972
4.364631999549966
4.144312810312666
4.428236075978126
3.7612166280021038
3.635175953729837
3.4428439333700287
2.8737397628163217
3.266254622599309
3.210081636081283
2.951654292168452
3.130400343901111
3.7456699551687147
3.686133612926246
3.986490067495316
3.7799579316874192
4.520857780110412
4.728697628944479
5.006808807119204
5.245286666519763
5.403195464889874
6.083037464406742
6.705059558527037
6.854686940259822
7.001576719888703
7.522033462297847
8.421195803066134
8.294337575205917
8.716589487007473
9.126435271899915
9.773482021191995
10.344171168913567
10.277122185907977
10.90617826495367
11.313736213708818
11.654420778932165
11.974671566949677
12.485433455740347
12.627607163775782
13.077599293536759
13.656468307338507
13.830408032776365
14.749445441924832
14.828026772992242
14.753626445632365
15.697342520726014
16.0787494204247
16.734500282682838
16.847949726695354
17.115990757791057
17.353507527566713
18.07348329330443
18.610468241983522
18.560655583920326
19.60534991182985
19.57483685672113
20.444712258796702
20.4269603083436
21.022414994961196
