20.86253211125818
20.42763779162519
20.51414564163433
19.660451596132443
19.58714048630542
19.14437287940915
18.3523376515814
17.971212916827596
17.749671234695906
17.432401731505568
16.942557681223008
16.465319411472443
15.790705230918462
15.705065970652198
15.318009119460115
14.450623801747943
14.491324193408119
14.149832116374117
13.732325542876733
13.294880952108851
13.096483879089512
12.172589286618324
11.825533815857995
11.558882360015568
10.983871844077052
10.772236036681702
10.268060786566783
9.789479866494306
9.014558009545949
9.033362443234111
8.748020509072184
8.784749061481204
7.98121800165893
7.812287980749318
7.79038176205322
7.399003082655303
7.649186187645883
6.882785131908107
6.932883060726924
7.038401423345557
6.985826126465662
6.787759173423833
6.866210363541563
7.424343701093989
7.000931366444152
7.082506646262794
7.05707088680253
6.61020027975278
7.07730130252718
7.046201953343889
6.762700972071803
6.866860860789148
7.359896908530093
7.133464305367089
7.226204805826399
6.77606555667595
7.242755333198406
7.151824802667013
7.1134901181887695
7.025981822322206
6.85827402503468
7.224840353432709
7.559384285489186
7.46026670929126
7.406377613522164
7.776744609833394
8.572203277282311
8.378900624885008
8.761408506229492
9.148888915244012
9.784021862551022
10.348689030042479
10.278763513441136
10.906541878957057
11.313595232805374
11.654127278630511
11.974372266919596
12.485179863643495
12.627409618535733
13.077452354157506
13.656362024562476
13.830332523674349
14.749392432847891
14.827989862403571
14.753600891365217
15.697324901260954
16.078737308465822
16.734491975514324
16.847944039050976
17.11598686905456
17.35350487179318
18.073481481303983
18.610467006698908
18.560654742410684
19.605349338946674
19.574836466947588
20.444711993753113
20.42696012820918
21.022414872594368
