0220:0336,0336,0336,0336,0334,0362,0203,0335,0337,0337,0337,0337,0203,0335,0336,0336,0336,0203,0335,0337,0337,0337,0203,0335,0336,0336,0336,0336,0203,0363,0335,0337,0337,0337,0337,0330,
0221:0336,0336,0336,0336,0332,0337,0332,0335,0330,0362,0203,0331,0331,0350,0334,0337,0346,0334,0330,0304,0335,0335,0336,0203,0330,0334,0350,0334,0345,0363,0334,0330,0336,0330,0304,0334,0337,0337,0337,0337,
0222:0336,0336,0336,0336,0333,0337,0334,0362,0203,0331,0331,0337,0350,0335,0345,0333,0334,0334,0334,0336,0203,0335,0335,0335,0335,0331,0334,0346,0363,0335,0330,0336,0330,0304,0335,0337,0337,0337,0337,
0223:0336,0336,0310,0336,0321,0347,0320,0341,0336,0336,0347,0337,0337,0337,0313,0337,0337,
0224:0336,0336,0333,0331,0337,0200,0336,0336,0330,0332,0337,0204,0336,0330,0332,0337,0337,0337,
0225:0336,0336,0336,0347,0337,0337,0337,
0226:0336,0336,0336,0336,0334,0362,0203,0335,0337,0337,0337,0203,0335,0336,0336,0203,0335,0337,0337,0203,0335,0336,0336,0336,0203,0363,0335,0337,0337,0337,0337,0336,0330,0337,
0227:0336,0336,0336,0336,0334,0362,0203,0335,0337,0203,0203,0335,0203,0335,0203,0203,0335,0336,0203,0363,0335,0337,0330,0330,0337,0337,0337,
0230:0336,0336,0336,0336,0334,0362,0203,0335,0337,0203,0335,0203,0335,0203,0335,0336,0203,0363,0335,0337,0330,0337,0337,0337,
0247:0326,0335,0335,0335,0220,0306,0335,0335,0304,0220,0306,0335,0335,0304,0220,0336,0336,0336,0336,0347,0335,0335,0335,0334,0334,0337,0337,0337,0337,0335,0330,0336,0336,0336,0336,0347,0337,0337,0337,0337,0306,0334,0334,0330,0336,0336,0336,0336,0347,0335,0335,0335,0337,0337,0337,0337,0336,0333,0334,0336,0334,0304,0335,0336,0330,0332,0337,0342,0336,0333,0337,0342,0336,0333,0337,0342,0331,0331,0332,0332,0332,0332,0336,0330,0332,0333,0337,0350,0335,0320,0362,0203,0335,0203,0335,0335,0335,0203,0335,0203,0363,0331,0335,0335,0335,0324,0362,0203,0335,0203,0335,0335,0335,0203,0335,0203,0363,0331,0335,0335,0335,0320,0362,0203,0335,0203,0335,0335,0335,0203,0335,0203,0363,0331,0335,0335,0335,0324,0362,0203,0335,0203,0335,0335,0335,0203,0335,0203,0363,0335,0335,0335,0333,0320,0362,0203,0335,0203,0335,0335,0335,0203,0335,0203,0363,0331,0335,0335,0335,0324,0362,0203,0335,0203,0335,0335,0335,0203,0335,0203,0363,
01220:0333,0200,0336,0332,0337,0220,0336,0333,0337,0331,
01221:0333,0200,0336,0332,0330,0337,0221,0335,0333,0331,0336,0330,0332,0336,0333,0331,0336,0336,0330,0332,0337,0337,0337,0337,
01222:0333,0200,0336,0332,0337,0336,0330,0337,0222,0333,0334,0336,0330,0333,0336,0331,0332,0336,0336,0330,0333,0337,0337,0337,0337,
01223:0333,0200,0336,0332,0337,0330,0336,0331,0337,0223,0336,0333,0331,0337,
01224:0333,0200,0336,0330,0332,0337,0224,0336,0333,0331,0337,
01225:0333,0200,0336,0332,0337,0336,0330,0337,0225,0336,0333,0337,0336,0331,0337,
01226:0333,0200,0336,0332,0337,0226,0336,0333,0331,0337,
01227:0333,0200,0336,0332,0337,0227,0336,0333,0337,0331,0330,0336,0336,0331,0337,0337,
01230:0333,0200,0336,0332,0337,0230,0336,0333,0337,0331,0330,0336,0336,0336,0331,0337,0337,0337,
01231:0333,0200,0332,0336,0330,0337,0231,0336,0331,0337,
01232:0333,0200,0332,0336,0330,0337,0232,0336,0331,0336,0336,0336,0336,0333,0337,0337,0337,0337,0337,
01233:0333,0200,0332,0336,0330,0337,0233,0336,0331,0336,0336,0336,0336,0333,0337,0337,0337,0337,0337,
01234:0333,0200,0336,0330,0332,0336,0331,0333,0332,0337,0234,0333,0331,0336,0331,0337,0337,
01235:0333,0200,0336,0332,0235,0333,0331,0336,0331,0337,0337,
01236:0333,0200,0336,0330,0332,0236,0333,0331,0331,0336,0336,0330,0337,0337,0337,
01237:0333,
01240:0240,0333,0333,
01241:0241,0333,0333,
01242:0242,0333,0333,
01243:0333,0200,0332,0336,0330,0337,0243,0336,0331,0337,
01244:0333,0200,0332,0336,0330,0337,0244,0336,0331,0337,
01245:0333,0200,
