01220:0333,0200,
01221:0333,0200,
01222:0333,0200,
01223:0333,0200,
01224:0333,0200,
01225:0333,0200,
01226:0333,0200,
01227:0333,0200,
01230:0333,0200,
01231:0333,0200,
01232:0333,0200,
01233:0333,0200,
01234:0333,0200,
01235:0333,0200,
01236:0333,0200,
01237:0333,0200,
01240:0333,0200,
01241:0333,0200,
01242:0333,0200,
01243:0333,0200,
01245:0333,0200,
01246:0333,0200,
01247:0333,0200,
0220:0730,0733,0731,0732,
0221:0733,0730,0732,0731,
0222:0220,0220,
0223:0221,0221,
0224:0222,0222,
0225:0223,0223,
0226:0224,0224,
0227:0225,0225,
01220:0333,0200,0336,0330,0331,0336,0330,0332,0337,0200,0332,0335,0336,0350,0336,0334,0342,0335,0335,0342,0334,0304,0334,0330,0333,0337,061,0365,0333,0333,0331,0336,0333,0331,0337,0337,0337,
01221:0333,0200,0336,0336,0330,0332,0337,0200,0332,0336,0336,0350,0335,0342,0334,0334,0342,0335,0304,0330,0333,0337,061,0365,0333,0331,0333,0336,0333,0331,0337,0337,0337,
01222:0333,0200,0336,0330,0331,0336,0330,0332,0337,0200,0332,0335,0336,0350,0336,0334,0342,0335,0335,0342,0334,0304,0334,0330,0333,0337,062,0365,0333,0333,0331,0336,0333,0331,0337,0337,0337,
01223:0333,0200,0336,0336,0330,0332,0337,0200,0332,0336,0336,0350,0335,0342,0334,0334,0342,0335,0304,0330,0333,0337,062,0365,0333,0331,0333,0336,0333,0331,0337,0337,0337,
01224:0333,0200,0336,0330,0331,0336,0330,0332,0337,0200,0332,0335,0336,0350,0336,0334,0342,0335,0335,0342,0334,0304,0334,0330,0333,0337,064,0365,0333,0333,0331,0336,0333,0331,0337,0337,0337,
01225:0333,0200,0336,0336,0330,0332,0337,0200,0332,0336,0336,0350,0335,0342,0334,0334,0342,0335,0304,0330,0333,0337,064,0365,0333,0331,0333,0336,0333,0331,0337,0337,0337,
01226:0333,0200,0336,0330,0331,0336,0330,0332,0337,0200,0332,0335,0336,0350,0336,0334,0342,0335,0335,0342,0334,0304,0334,0330,0333,0337,070,0365,0333,0333,0331,0336,0333,0331,0337,0337,0337,
01227:0333,0200,0336,0336,0330,0332,0337,0200,0332,0336,0336,0350,0335,0342,0334,0334,0342,0335,0304,0330,0333,0337,070,0365,0333,0331,0333,0336,0333,0331,0337,0337,0337,
