01220:0333,0200,
01221:0333,0200,
01222:0333,0200,
01223:0333,0200,
01224:0333,0200,
01225:0333,0200,
01226:0333,0200,
01227:0333,0200,
01230:0333,0200,
01231:0333,0200,
01232:0333,0200,
01233:0333,0200,
01234:0333,0200,
01235:0333,0200,
01236:0333,0200,
01237:0333,0200,
01240:0333,0200,
01241:0333,0200,
01242:0333,0200,
01243:0333,0200,
01245:0333,0200,
01250:0333,0200,
01251:0333,0200,
01252:0333,0200,
01253:0333,0200,
0220:0336,0336,0336,0336,0336,0201,0337,0201,0306,0334,0337,0201,0335,0335,0201,0201,0334,0334,0201,0201,0335,0335,0201,0201,0334,0334,0201,0201,0335,0335,0201,0201,0334,0334,0201,0335,0201,0336,0336,0201,0304,0337,0337,0337,0337,0337,
0261:0336,0366,0330,0333,0333,0336,0331,0337,0367,0335,0335,0366,0331,0333,0333,0367,0335,0335,0337,
0221:0336,0314,0336,0313,0337,0261,0261,0261,0261,0337,0314,0337,0313,0336,
0222:0336,0336,0201,0336,0201,0334,0337,0342,0335,0335,0342,0332,0342,0335,0335,0342,0335,0336,0201,0337,0201,0335,0335,0337,0337,0335,0335,
01220:0333,0200,0336,0332,0337,0220,0336,0333,0337,0331,
01221:0333,0200,0336,0332,0330,0336,0331,0332,0337,0221,0333,0331,0336,0333,0336,0331,0337,0337,0337,0336,0336,0336,0331,0337,0337,0337,
01222:0333,0200,0336,0332,0337,0222,0336,0333,0337,0331,
01223:0333,0200,0336,0332,0337,0223,0336,0333,0337,0331,
0223:0336,0331,0342,0337,0304,0336,0336,0335,0310,0201,0335,0350,0335,0337,0201,0335,0335,0201,0335,0335,0335,0336,0201,0304,0334,0313,0337,0337,0304,0336,0330,0337,
01223:0333,0200,0336,0332,0337,0330,0223,0331,0336,0333,0337,
0224:0336,0336,0336,0201,0330,0330,0337,0341,0330,0341,0330,0336,0201,0337,0337,0337,
01224:0333,0200,0336,0332,0337,0224,0336,0333,0337,0331,
0225:0336,0336,0336,0201,0330,0330,0337,0341,0336,0331,0332,0337,0126,0365,0336,0333,0331,0331,0337,0337,0337,
01225:0333,0200,0336,0332,0337,0225,0336,0333,0337,
0226:0336,0330,0337,0336,0341,0332,0336,0350,0335,0342,0335,0335,0342,0335,0335,0342,0335,0335,0342,0335,0304,0337,0337,0333,0336,0336,0350,0335,0342,0335,0335,0342,0335,0335,0342,0335,0335,0342,0335,0304,0337,0332,0330,0337,
01226:0333,0200,0336,0332,0337,0226,0336,0333,0337,0331,
0227:0335,0312,0336,0306,0201,0334,0334,0313,0337,0201,0334,0334,0201,0334,0334,0336,0201,0304,0334,0312,0337,0313,0330,
01227:0333,0200,0336,0332,0337,0227,0336,0333,0337,0331,
0240:0201,0335,0201,0201,0335,0201,0335,0201,0201,0335,0336,0336,0330,0333,0331,0336,0330,0332,0337,0337,0333,0333,0201,0336,0201,0335,0201,0201,0201,0335,0201,0201,0201,0335,0201,0201,0201,0335,0330,0335,0201,0336,0366,0332,0332,0335,0335,0331,0367,0335,0335,0366,0333,0333,0334,0334,0331,0367,0335,0335,0337,0201,0334,0331,0332,0332,0332,0332,0332,0332,0336,0336,0341,0337,0337,0330,0330,0330,0336,0332,0331,0332,0123,0120,0105,0103,0124,0122,0125,0115,0365,0331,0331,0101,0116,0101,0114,0131,0132,0105,0122,0365,0337,0337,0331,0336,0336,0332,0337,0337,0337,
0241:0201,0335,0201,0201,0335,0201,0335,0201,0201,0335,0336,0336,0333,0333,0336,0330,0337,0337,0201,0336,0201,0335,0201,0201,0201,0335,0201,0201,0201,0335,0201,0201,0201,0335,0330,0330,0335,0366,0333,0330,0335,0335,0336,0331,0337,0367,0335,0335,0366,0330,0332,0335,0335,0336,0331,0337,0367,0335,0330,0330,0332,0332,0332,0332,0116,0105,0124,0127,0117,0122,0113,040,0101,0116,0101,0114,0131,0132,0105,0122,0336,0365,0337,0337,0331,0331,0336,0336,0336,0341,0337,0337,0333,0333,0333,0333,0333,0333,0336,0336,0341,0337,0337,0337,0332,0332,0332,0332,0336,0333,0331,0336,0330,0337,0337,0337,
0242:0304,0201,0335,0201,0201,0335,0201,0335,0201,0201,0335,0336,0336,0330,0333,0337,0104,0126,0115,0365,0336,0331,0332,0337,0337,
0243:0335,0336,0336,0333,0337,0337,0334,0336,0201,0335,0201,0201,0335,0201,0335,0201,0201,0335,0336,0330,0333,0336,0330,0332,0337,0335,0337,0336,0201,0366,0333,0330,0330,0334,0350,0334,0367,0335,0304,0336,0333,0331,0337,0330,0337,0337,0335,0334,
0244:0336,0336,0201,0335,0337,0201,0201,0335,0201,0335,0201,0201,0335,0336,0342,0336,0330,0333,0350,0335,0337,0366,0333,0334,0330,0334,0334,0336,0331,0367,0304,0335,0335,0366,0333,0333,0334,0333,0333,0333,0350,0334,0337,0367,0335,0304,0336,0333,0330,0337,0337,0337,
0230:0336,0336,0201,0334,0201,0335,0201,0335,0201,0201,0335,0201,0335,0201,0335,0330,0334,0330,0335,0201,0335,0201,0201,0335,0201,0335,0335,0330,0332,0201,0337,0337,
0231:0335,0227,0334,0336,0332,0336,0336,0331,0331,0333,0337,0332,0337,0226,0333,0336,0331,0336,0333,0337,0337,0337,
0232:0326,0335,0227,0334,0336,0332,0336,0331,0332,0332,0336,0330,0333,0337,0336,0337,0336,01110,01105,01115,01124,0337,0333,0336,0330,0333,0336,0333,0337,0337,0337,0337,0320,
0233:0322,0335,0227,0334,0336,0332,0336,0331,0332,0332,0336,0330,0333,0337,0336,0337,0336,01110,01105,01115,01124,0337,0333,0336,0330,0333,0336,0333,0337,0337,0337,0337,0320,
0234:0336,0333,0337,0200,0336,0332,0330,0310,0336,0335,0335,0343,0335,0335,0350,0334,0350,0334,0343,0335,0335,0335,0351,0335,0343,0334,0304,0330,0335,0350,0313,0336,0334,0342,0335,0335,0342,0334,0334,0334,0304,0337,0331,0310,0337,0313,0333,0331,0337,0330,0336,0332,0337,
0235:0335,0336,0336,0201,0334,0337,0337,0201,0336,0201,0334,0201,0334,0337,0201,0336,0201,0334,0336,0201,0334,0337,0337,0342,0336,0336,0336,0366,0337,0330,0333,0334,0330,0331,0336,0367,0335,0337,0332,0330,0330,0330,0201,0201,0335,0335,0336,0366,0335,0335,0337,0331,0333,0334,0336,0367,0335,0337,0330,0332,0337,0337,
0236:0336,0336,0201,0340,0337,0222,0331,0335,0336,0336,0201,0337,0337,0221,0336,0201,0334,0201,0201,0334,0201,0201,0201,0201,0201,0334,0201,0201,0201,0334,0201,0201,0201,0201,0201,0334,0201,0335,0336,0201,0334,0337,0337,0337,0332,0336,0330,0337,
0247:0332,0334,0326,0201,0201,0201,0201,0334,0201,0201,0334,0201,0201,0201,0201,0334,0201,0201,0336,0336,0336,0330,0337,0337,0337,0323,0327,0201,0334,0201,0201,0201,0201,0334,0201,0334,0201,0201,0201,0201,0334,0330,0336,0336,0336,0330,0337,0337,0337,0325,0201,0334,0201,0201,0201,0201,0334,0201,0334,0201,0201,0201,0201,0334,0330,0322,0201,0334,0201,0201,0201,0201,0334,0201,0334,0201,0201,0201,0201,0334,0335,0320,0330,0330,0330,0330,0337,0201,0335,0201,0201,0335,0201,0335,0201,0201,0336,0336,0336,0330,0333,0333,0331,0336,0330,0337,0122,0101,0103,0113,0365,0337,0337,0332,0332,0332,0332,0336,0330,0332,0336,0331,0331,0333,0336,0332,0122,0157,0157,0155,040,0124,0145,0155,0160,0145,0162,0141,0164,0165,0162,0145,0365,0337,0337,0331,0331,0336,0336,067,067,0113,0365,0337,0337,0331,0331,0331,0336,0330,0330,0331,0336,0330,0337,064,0336,0153,0365,0337,0337,0331,0331,0336,0331,0332,0333,0331,0331,0336,0102,0141,0163,0145,0365,0337,0330,0330,0330,0330,0330,0336,0123,0164,0151,0154,0154,0365,0337,0337,0330,0333,0330,0330,0330,0330,0330,0332,0330,0335,0366,0333,0333,0333,0333,0333,0333,0335,0335,0331,0367,0366,0332,0332,0332,0332,0335,0335,0331,0336,0333,0337,0367,0334,0330,0330,0330,0330,0333,0336,0330,0333,0336,0332,0104,0151,0154,0165,0164,0151,0157,0156,040,0106,0162,0151,0144,0147,0145,0365,0331,0331,0333,0333,0337,0337,0337,
0260:0331,0332,0332,0332,0331,0332,0336,0333,0230,0334,0335,0236,0336,0201,0337,0234,0336,0201,0337,0334,0232,0335,0201,0201,0201,0201,0335,0201,0334,0233,0335,0201,0201,0201,0201,0201,0201,0334,0337,0336,0336,0336,0330,0332,0337,0332,0331,0337,0337,0240,0331,0331,0332,0332,0332,0331,0332,0332,0331,0333,0336,0333,0331,0336,0330,0332,0336,0333,0336,0336,0336,0330,0333,0337,0337,0337,0337,0337,0335,0335,0335,0335,0223,0333,0333,0337,0333,0337,0333,0333,0333,0330,
01230:0333,0200,0336,0332,0337,0230,0336,0333,0337,0331,
01231:0333,0200,0332,0336,0330,0337,0231,0336,0331,0337,
01232:0333,0200,0332,0336,0330,0337,0232,0336,0331,0336,0336,0336,0336,0333,0337,0337,0337,0337,0337,
01233:0333,0200,0332,0336,0330,0337,0233,0336,0331,0336,0336,0336,0336,0333,0337,0337,0337,0337,0337,
01234:0333,0200,0336,0330,0332,0336,0331,0333,0332,0337,0234,0333,0331,0336,0331,0337,0337,
01235:0333,0200,0336,0332,0235,0333,0331,0336,0331,0337,0337,
01236:0333,0200,0336,0330,0332,0236,0333,0331,0331,0336,0336,0330,0337,0337,0337,
01237:0333,
01240:0240,0333,0333,
01241:0241,0333,0333,
01242:0242,0333,0333,
01243:0333,0200,0332,0336,0330,0337,0243,0336,0331,0337,
01244:0333,0200,0332,0336,0330,0337,0244,0336,0331,0337,
01245:0333,0200,
