0220:0334,0335,0335,0336,0336,0336,0336,0330,0337,0366,0332,0332,0332,0332,0335,0335,0331,0367,0366,0335,0335,0331,0332,0332,0332,0332,0367,0335,0335,0336,0330,0337,0337,0337,0337,0335,0331,
0221:0342,0330,0335,0335,0336,0336,0336,0336,0306,0350,0335,0306,0362,0203,0334,0334,0203,0334,0334,0203,0363,0350,0335,0304,0337,0337,0337,0337,0331,
0222:0201,0335,0201,0336,0201,0334,0201,0335,0350,0335,0310,0337,0201,0201,0335,0335,0201,0201,0335,0335,0335,0336,0201,0334,0334,0304,0313,0201,0337,0201,0335,
0223:0201,0335,0201,0201,0336,0201,0334,0201,0335,0350,0335,0310,0337,0201,0201,0335,0335,0201,0201,0335,0335,0335,0336,0201,0334,0334,0304,0313,0201,0337,0201,0201,0335,
0224:0362,0203,0335,0203,0336,0203,0334,0203,0335,0350,0335,0310,0337,0203,0203,0335,0335,0203,0203,0335,0335,0335,0336,0203,0334,0334,0304,0313,0203,0337,0203,0335,0363,
0225:0362,0203,0335,0203,0203,0336,0203,0334,0203,0335,0350,0335,0310,0337,0203,0203,0335,0335,0203,0203,0335,0335,0335,0336,0203,0334,0334,0304,0313,0203,0337,0203,0203,0335,0363,
0230:0306,0335,0336,0330,0337,0366,0336,0331,0334,0304,0337,0333,0333,0333,0336,0306,0334,0330,0337,0367,0336,0336,0350,0335,0336,0362,0203,0334,0334,0334,0334,0203,0334,0334,0334,0334,0203,0363,0335,0304,0335,0335,0337,0337,0331,0306,0350,0335,0335,0304,0337,0332,0332,0332,
0231:0335,0306,0350,0334,0336,0330,0337,0366,0336,0331,0335,0335,0330,0337,0367,0336,0336,0336,0334,0362,0203,0335,0335,0335,0335,0203,0335,0335,0335,0335,0203,0363,0334,0337,0337,0330,0334,0304,0335,0337,
0240:0333,0350,0334,0310,0337,0304,0200,0350,0335,0336,0304,0332,0313,
0241:0336,0330,0335,0336,0331,0337,0322,0362,0203,0350,0335,0203,0335,0203,0335,0203,0335,0203,0335,0203,0335,0203,0335,0203,0363,0320,0335,0201,0335,0201,0335,0201,0335,0201,0335,0201,0335,0201,0335,0201,0335,0201,0335,0336,0330,0304,0334,0337,0331,0337,
0242:0336,0325,0347,0320,0341,0337,
01220:0333,0200,0332,0336,0333,0337,0220,0336,0333,0337,
01221:0333,0200,0336,0332,0337,0210,0221,0211,0336,0333,0337,
01222:0333,0200,0332,0336,0330,0336,0222,0337,0333,0333,0331,0337,
01223:0333,0200,0336,0330,0332,0332,0330,0223,0333,0333,0331,0331,0337,
01224:0333,0200,0336,0332,0332,0336,0330,0224,0331,0337,0337,0333,
01225:0333,0200,0336,0330,0330,0332,0332,0225,0333,0333,0331,0331,0337,
01230:0333,0200,0336,0332,0332,0336,0330,0330,0230,0337,0331,0337,0333,
01231:0333,0200,0332,0336,0330,0231,0333,0333,0331,0337,
01240:0333,0200,0336,0332,0332,0240,0333,0333,0337,
01241:0333,0200,0330,0336,0331,0332,0241,0333,0331,0337,
01242:0333,0200,0336,0330,0332,0242,0333,0331,0337,
