01700:0336,0330,0337,0333,0200,0336,0330,0332,0340,0350,0335,0336,0330,0342,0331,0331,0331,0342,0330,0330,0335,0335,0331,0331,0342,0330,0330,0330,0342,0331,0334,0334,0334,0351,0331,0331,0333,0333,0337,0337,0334,0336,0334,0201,0335,0201,0201,0335,0201,0330,0330,0201,0335,0201,0201,0335,0201,0335,0335,0337,0331,0336,0331,0337,
01730:0333,0201,0201,0334,0201,0334,0201,0201,0334,0201,0334,0336,0334,0333,0337,0342,0333,0342,0336,0332,0337,0342,0333,0362,0203,0334,0336,0203,0334,0337,0203,0334,0336,0203,0363,0337,0337,0331,0336,
01731:0201,0201,0335,0201,0335,0201,0201,0335,0342,0333,0342,0336,0332,0337,0342,0336,0333,0337,0362,0203,0335,0336,0203,0335,0337,0203,0335,0336,0203,0363,0335,0335,0337,0331,
01732:0201,0201,0335,0201,0335,0201,0201,0335,0342,0333,0342,0336,0333,0337,0342,0336,0332,0332,0337,0362,0203,0335,0336,0203,0335,0337,0203,0336,0335,0203,0363,0335,0335,0331,0337,
01733:0201,0201,0335,0201,0335,0336,0201,0335,0337,0342,0336,0334,0201,0335,0337,0342,0336,0334,0201,0335,0337,0362,0203,0336,0334,0203,0334,0337,0203,0334,0336,0203,0363,0331,0337,
01734:0201,0201,0335,0201,0335,0336,0201,0335,0337,0342,0336,0334,0201,0335,0337,0342,0336,0334,0201,0335,0337,0342,0334,0336,0201,0335,0337,0342,0335,
01736:0201,0201,0335,0201,0335,0201,0201,0335,0342,0336,0333,0337,0342,0333,0342,0335,0336,0331,0332,0341,0333,0336,0336,0332,0336,0362,0203,0334,0337,0337,0337,0203,0336,0203,0334,0336,0203,0334,0337,0337,0203,0336,0203,0334,0336,0336,0203,0363,0333,0333,0337,0337,0337,0337,0331,
01737:0201,0201,0335,0201,0335,0201,0201,0335,0342,0336,0333,0337,0342,0333,0342,0335,0336,0331,0332,0341,0333,0336,0336,0332,0336,0362,0203,0334,0337,0337,0337,0203,0336,0203,0334,0336,0203,0334,0337,0337,0203,0336,0203,0334,0336,0336,0203,0363,0337,0332,0332,0332,0337,0337,0330,0336,0336,0331,0334,0336,0362,0203,0334,0337,0337,0203,0203,0203,0334,0336,0203,0334,0337,0203,0203,0203,0336,0334,0336,0203,0363,0335,0330,0330,0337,0337,0337,0333,0331,0331,0331,0337,
01710:0201,0201,0335,0201,0335,0201,0201,0335,0201,0331,0336,0333,0333,0333,0337,0200,0336,0335,0331,0332,0331,0336,0330,0332,0337,062,0365,0331,0333,0336,0333,0331,0337,0337,
01711:0201,0201,0335,0201,0335,0201,0201,0335,0201,0331,0336,0333,0333,0333,0337,0200,0336,0335,0331,0332,0331,0336,0330,0332,0337,064,0365,0331,0333,0336,0333,0331,0337,0337,
01712:0201,0201,0335,0201,0335,0201,0201,0335,0201,0331,0336,0333,0333,0333,0337,0200,0336,0335,0331,0332,0331,0336,0330,0332,0337,070,0365,0331,0333,0336,0333,0331,0337,0337,
01713:0201,0201,0335,0201,0335,0201,0201,0335,0201,0331,0336,0333,0333,0333,0337,0200,0336,0335,0331,0332,0331,0336,0332,0330,0332,0337,061,066,0365,0331,0333,0336,0333,0333,0331,0337,0337,
01714:0201,0201,0335,0201,0335,0201,0201,0335,0201,0331,0336,0333,0333,0333,0337,0200,0336,0335,0331,0332,0331,0336,0332,0330,0332,0337,063,062,0365,0331,0333,0336,0333,0333,0331,0337,0337,
01715:0201,0201,0335,0201,0335,0201,0201,0335,0201,0331,0336,0333,0333,0333,0337,0200,0336,0335,0331,0332,0331,0336,0332,0330,0332,0337,066,064,0365,0331,0333,0336,0333,0333,0331,0337,0337,