 0220:0314,0336,0335,0201,0330,0334,0313,0336,0331,0337,0200,0336,0332,0336,0330,0332,0337,0130,0365,0333,0336,0333,0330,0335,0337,0337,0201,0334,0314,0337,0313,
0221:0314,0336,0335,0201,0330,0334,0313,0336,0331,0337,0200,0336,0332,0336,0330,0332,0337,0131,0365,0333,0336,0333,0330,0335,0337,0337,0201,0334,0314,0337,0313,
0222:0314,0336,0335,0201,0330,0334,0313,0336,0331,0337,0200,0336,0332,0336,0330,0332,0337,0132,0365,0333,0336,0333,0330,0335,0337,0337,0201,0334,0314,0337,0313,
0223:0314,0336,0335,0201,0330,0334,0313,0336,0331,0337,0200,0336,0332,0336,0330,0332,0337,0110,0365,0333,0336,0333,0330,0335,0337,0337,0201,0334,0314,0337,0313,
0224:0314,0336,0335,0201,0330,0334,0313,0336,0331,0337,0200,0336,0332,0336,0330,0332,0337,0123,0365,0333,0336,0333,0330,0335,0337,0337,0201,0334,0314,0337,0313,
0225:0314,0336,0335,0201,0330,0334,0313,0336,0331,0337,0200,0336,0332,0336,0330,0332,0337,0124,0365,0333,0336,0333,0330,0335,0337,0337,0201,0334,0314,0337,0313,
0226:0304,0313,0335,0336,0336,0310,0336,0313,0342,0330,0334,0342,0337,0342,0330,0335,0342,0330,0342,0330,0342,0330,0335,0342,0330,0342,0330,0335,0342,0330,0342,0330,0342,0330,0335,0342,0330,0333,0336,0333,0331,0337,0306,0343,0350,0335,0310,0337,0342,0330,0336,0336,0336,0336,0336,0335,0335,0335,0335,0335,0342,0335,0335,0342,0335,0335,0335,0335,0335,0337,0337,0337,0337,0337,0331,0336,0334,0313,0304,0336,0331,0332,0332,0332,0330,0330,0332,0337,0337,0310,0337,0313,
0227:0335,0201,0334,
0230:0335,0336,0336,0336,0336,0332,0337,0337,0337,0337,0342,0336,0336,0336,0336,0333,0337,0337,0337,0337,0201,0334,
0231:0335,0342,0336,0330,0336,0334,0336,0331,0332,0337,0350,0335,0310,0337,0342,0336,0334,0313,0304,0330,0336,0331,0156,0330,0337,0365,0333,0333,0336,0333,0331,0337,0337,0337,
0232:0335,0342,0333,0342,0334,0336,0333,0336,0336,0336,0341,0337,0337,0337,0337,0201,0336,0336,0336,0336,0347,0337,0337,0337,0333,0337,
0233:0335,0342,0333,0342,0336,0330,0334,0336,0336,0350,0335,0342,0335,0335,0342,0335,0335,0342,0335,0335,0342,0335,0337,0337,0337,0201,0336,0336,0336,0335,0342,0335,0335,0342,0335,0335,0342,0335,0335,0342,0335,0304,0337,0337,0333,0337,
0234:0335,0342,0336,0330,0334,0335,0335,0201,0201,0335,0342,0335,0335,0342,0335,0201,0201,0335,0342,0335,0335,0342,0336,0336,0350,0334,0342,0335,0335,0342,0335,0335,0342,0335,0335,0342,0335,0337,0337,0337,0330,0336,0336,0336,0335,0342,0335,0335,0342,0335,0335,0342,0335,0335,0342,0335,0337,0337,0337,0330,0336,0336,0336,0336,0347,0304,0337,0337,0337,0333,0337,
0235:0335,0342,0336,0330,0334,0335,0335,0337,0201,0335,0336,0342,0335,0335,0342,0335,0201,0201,0334,0342,0335,0335,0342,0335,0336,0336,0336,0341,0335,0335,0342,0335,0335,0337,0337,0337,0330,0330,0336,0336,0336,0347,0337,0337,0337,0337,0330,0336,0336,0336,0336,0347,0337,0337,0337,0333,0337,
0236:0314,0336,0335,0313,0336,0336,0336,0332,0337,0337,0337,0342,0336,0336,0332,0337,0337,0342,0336,0336,0333,0333,0337,0337,0342,0336,0336,0333,0337,0337,0342,0330,0334,0336,0336,0330,0336,0330,0337,0337,0337,0333,0336,0331,0337,0200,0336,0332,0330,0330,0337,0342,0336,0331,0336,0331,0332,0337,0165,0365,0333,0336,0333,0330,0335,0336,0333,0337,0337,0337,0342,0336,0336,0333,0337,0337,0342,0336,0336,0332,0332,0337,0337,0342,0336,0336,0332,0337,0337,0342,0336,0336,0333,0336,0333,0334,0337,0337,0337,0333,0314,0337,0313,
0237:0335,0314,0336,0201,0334,0342,0335,0335,0201,0334,0350,0334,0310,0337,0201,0334,0334,0342,0335,0335,0335,0336,0313,0304,0336,0336,0336,0330,0341,0330,0337,0201,0201,0201,0334,0337,0337,0314,0337,0313,
0240:0335,0314,0336,0342,0333,0342,0330,0313,0336,0332,0337,0343,0334,0342,0335,0335,0342,0334,0330,0201,0334,0314,0337,0313,
0241:0335,0314,0336,0201,0334,0342,0331,0342,0350,0335,0310,0337,0201,0334,0334,0342,0335,0335,0335,0336,0201,0334,0334,0304,0314,0337,0313,
0242:0335,0336,0201,0336,0336,0336,0330,0334,0341,0332,0337,0337,0337,0332,0337,
0243:0336,0336,0335,0335,0201,0335,0336,0201,0334,0350,0334,0310,0337,0201,0334,0334,0201,0334,0334,0334,0336,0201,0335,0335,0304,0313,0337,0330,0337,0337,
0244:0306,0334,0201,0335,0335,0201,0201,0334,0334,0201,0335,
0245:0336,0336,0336,0201,0337,0337,0337,0336,0336,0336,0244,0244,0244,0337,0337,0337,0304,0336,0336,0336,0201,0337,0337,0337,
0246:0336,0335,0366,0330,0330,0332,0335,0334,0330,0331,0331,0331,0332,0332,0336,0336,0330,0337,0337,0367,0335,0335,0366,0332,0332,0332,0331,0367,0335,0337,
0247:0246,0246,0246,0246,
0250:0334,0336,0336,0247,0335,0337,0337,
0251:0336,0336,0336,0201,0201,0201,0335,0337,0342,0335,0335,0342,0335,0330,0335,0342,0335,0335,0342,0335,0336,0201,0201,0201,0337,0337,0337,
0252:0313,0336,0337,0342,0336,0330,0336,0336,0350,0335,0342,0335,0335,0342,0335,0335,0342,0335,0335,0342,0335,0304,0337,0337,0330,0337,
0253:0313,0336,0336,0201,0330,0341,0330,0201,0331,0331,0332,0336,0350,0335,0342,0335,0335,0342,0335,0335,0342,0335,0335,0342,0335,0304,0333,0333,0333,0333,0350,0335,0342,0335,0335,0342,0335,0335,0342,0335,0335,0342,0335,0304,0332,0332,0330,0330,0330,0330,0337,0337,0337,
01220:0333,0200,0332,0336,0330,0337,0220,0336,0331,0337,0337,0336,
01221:0333,0200,0332,0336,0330,0337,0221,0336,0331,0337,0337,0336,
01222:0333,0200,0332,0336,0330,0337,0222,0336,0331,0337,0337,0336,
01223:0333,0200,0332,0336,0330,0337,0223,0336,0331,0337,0337,0336,
01224:0333,0200,0332,0336,0330,0337,0224,0336,0331,0337,0337,0336,
01225:0333,0200,0332,0336,0330,0337,0225,0336,0331,0337,0337,0336,
01226:0333,0200,0332,0336,0330,0337,0310,0336,0226,0310,0336,0313,0333,0333,0331,0337,
01227:0333,0200,0336,0330,0334,0337,0342,0335,0336,0331,0337,
01230:0333,0200,0336,0332,0330,0332,0337,0230,0336,0331,0337,
01231:0333,0200,0336,0330,0332,0332,0337,0231,0336,0331,0337,
01232:0333,0200,0330,0332,0232,0331,
01233:0333,0200,0332,0330,0233,0331,
01234:0333,0200,0332,0330,0336,0330,0337,0234,0331,0336,0331,0337,
01235:0333,0200,0330,0336,0330,0337,0332,0235,0331,0331,0336,0330,0337,
01236:0333,0200,0332,0336,0330,0337,0236,0336,0331,0337,
01237:0333,0200,0332,0336,0330,0337,0237,0336,0331,0337,
01240:0333,0200,0332,0336,0330,0337,0314,0336,0330,0313,0336,0331,0337,0314,0337,0240,0336,0331,0337,
01241:0333,0200,0332,0336,0330,0337,0241,0336,0331,0337,
01242:0333,0200,0336,0332,0330,0332,0337,0242,0333,0336,0331,0337,
01243:0333,0200,0336,0330,0332,0337,0243,0336,0333,0331,0337,
01245:0333,0200,0336,0332,0337,0245,0336,0333,0337,0331,
01250:0333,0200,0336,0332,0337,0250,0331,0336,0336,0330,0336,0330,0333,0333,0333,0333,0337,0337,0337,
01251:0333,0200,0336,0332,0337,0251,0336,0333,0337,0331,
01252:0333,0200,0336,0332,0337,0252,0336,0333,0337,0331,
01253:0333,0200,0336,0332,0337,0253,0336,0333,0337,0331,