01220:0333,0200,
01221:0333,0200,
01222:0333,0200,
01223:0333,0200,
01224:0333,0200,
01225:0333,0200,
01226:0333,0200,
01227:0333,0200,
01230:0333,0200,
01231:0333,0200,
01232:0333,0200,
01233:0333,0200,
01234:0333,0200,
01235:0333,0200,
01236:0333,0200,
01237:0333,0200,
01240:0333,0200,
01241:0333,0200,
01242:0333,0200,
01243:0333,0200,
01245:0333,0200,
01250:0333,0200,
01251:0333,0200,
01252:0333,0200,
01253:0333,0200,
0260:0331,0332,0332,0332,0331,0332,0336,0333,0230,0334,0335,0236,0336,0201,0337,0234,0336,0201,0337,0334,0232,0335,0201,0201,0201,0201,0335,0201,0334,0233,0335,0201,0201,0201,0201,0201,0201,0334,0337,0336,0336,0336,0330,0332,0337,0332,0331,0337,0337,0240,0331,0331,0332,0332,0332,0331,0332,0332,0331,0333,0336,0333,0331,0336,0330,0332,0336,0333,0336,0336,0336,0330,0333,0337,0337,0337,0337,0337,0335,0335,0335,0335,0223,0333,0333,0337,0333,0337,0333,0333,0333,0330,
01240:0240,0333,0333,
01241:0241,0333,0333,
01242:0242,0333,0333,
01243:0333,0200,0332,0336,0330,0337,0243,0336,0331,0337,
01244:0333,0200,0332,0336,0330,0337,0244,0336,0331,0337,
01245:0333,0200,
0220:0336,0336,0336,0336,0201,0337,0337,0337,0337,0312,0336,0313,0306,0334,0336,0336,0201,0335,0335,0337,0201,0334,0334,0201,0335,0335,0201,0334,0334,0201,0335,0335,0201,0334,0334,0336,0201,0335,0304,0337,0337,0312,0337,0313,0336,0336,0336,0336,0201,0337,0337,0337,0337,
0221:0314,0336,0201,0335,0342,0334,0334,0342,0333,0342,0335,0335,0342,0334,0201,0337,0313,
0222:0336,0336,0201,0333,0337,0200,0330,0336,0332,0201,0331,0331,0332,0331,0337,0350,0335,0310,0337,0342,0336,0333,0334,0334,0337,0342,0336,0332,0335,0313,0304,0336,0336,0330,0332,0337,0342,0336,0330,0334,0337,0337,0336,0201,0336,0201,0201,0201,0335,0337,0337,0337,0333,0336,0331,0337,0335,0334,0330,
0223:0336,0336,0336,0201,0337,0201,0334,0362,0203,0350,0335,0335,0335,0310,0337,0203,0335,0335,0203,0335,0335,0335,0336,0203,0363,0304,0335,0330,0335,0313,0362,0203,0334,0336,0336,0336,0203,0334,0337,0337,0337,0203,0203,0334,0336,0336,0336,0203,0334,0337,0337,0337,0203,0363,0334,0331,0201,0201,0336,0201,0337,0337,0337,
0224:0314,0336,0201,0330,0201,0337,0313,0336,0336,0336,0332,0331,0331,0335,0335,0337,0337,0201,0335,0336,0333,0201,0336,0336,0330,0341,0335,0333,0337,0337,0333,0331,0331,0336,0333,0337,0337,0337,0330,
0225:0336,0336,0201,0334,0201,0336,0336,0330,0341,0331,0337,0337,0333,0333,0336,0336,0330,0341,0331,0335,0335,0337,0337,0201,0334,0201,0337,0337,0331,0336,0336,0336,0330,0332,0337,0325,0201,0201,0201,0334,0201,0201,0334,0201,0201,0201,0334,0201,0201,0334,0331,0333,0336,0330,0332,0337,0337,0337,0320,0330,
0226:0220,0336,0331,0336,0333,0336,0332,0335,0350,0334,0310,0362,0203,0335,0335,0335,0336,0203,0203,0335,0335,0335,0337,0203,0363,0335,0335,0335,0304,0313,0337,0342,0334,0331,0331,0336,0332,0337,0337,0337,0330,
0227:0336,0336,0336,0336,0341,0337,0337,0330,0337,0337,
0230:0227,0227,0227,0227,0335,0336,0336,0336,0333,0201,0335,0337,0337,0337,0201,0335,0336,0336,0201,0335,0201,0201,0201,0201,0335,0336,0201,0334,0337,0337,0337,
0231:0227,0227,0227,0227,0227,0227,0335,0336,0336,0336,0333,0201,0335,0337,0337,0337,0201,0336,0201,0335,0336,0201,0335,0337,0337,0201,0336,0201,0335,0336,0336,0201,0334,0337,0337,0337,
0232:0227,0227,0227,0227,0227,0227,0227,0227,0336,0336,0336,0331,0335,0201,0335,0337,0337,0337,0201,0201,0335,0336,0336,0201,0335,0337,0337,0201,0201,0335,0336,0336,0336,0201,0334,0337,0337,0337,
0233:0227,0227,0227,0227,0227,0227,0227,0227,0227,0227,0336,0336,0336,0331,0335,0201,0335,0337,0337,0337,0201,0201,0336,0201,0335,0336,0201,0335,0337,0337,0201,0201,0336,0201,0336,0336,0335,0201,0334,0337,0337,0337,
0234:0336,0336,0336,0335,0201,0335,0350,0335,0310,0337,0201,0335,0335,0201,0335,0335,0335,0336,0201,0304,0334,0313,0337,0337,0337,
0240:0331,0332,0336,0233,0336,0330,0337,0232,0337,0337,0333,0336,0333,0337,0335,0335,0336,0336,0231,0336,0330,0337,0232,0335,0335,0337,0330,0332,0332,0332,0336,0336,0336,0336,0330,0335,0337,0337,0201,0201,0335,0337,0220,0335,0335,0234,0330,0335,0336,0201,0337,0334,0333,0331,0336,0330,0337,0222,0223,0331,0340,0330,0340,0335,0335,0336,0332,0337,0225,0335,0336,0342,0333,0333,0342,0330,0335,0337,0336,0201,0335,0337,0337,0201,0335,0201,0336,0336,0336,0201,0334,0337,0201,0201,0342,0334,0330,0331,0332,0332,0332,0332,0331,0332,0332,0336,0330,0337,0337,0234,0333,0333,0336,0336,0330,0340,0334,0334,0337,0337,0201,0335,0335,0335,0335,0335,0225,0201,0335,0336,0331,0201,0331,0337,0234,0333,0330,0333,0330,0331,0333,0336,0333,0331,0336,0330,0334,0337,0335,0335,0322,0201,0337,0334,0201,0201,0201,0201,0201,0334,0201,0201,0201,0320,0334,0335,0335,0331,0226,0331,0234,0336,0330,0333,0336,0335,0336,0331,0337,0337,0201,0201,0335,0201,0201,0201,0201,0201,0336,0336,0201,0334,0337,0337,0201,0201,0336,0336,0342,0334,0337,0337,0337,0330,0332,0332,0331,0332,0332,0332,0332,0336,0336,0336,0330,0333,0335,0337,0337,0337,0201,0334,0201,0201,0224,0335,0322,0201,0201,0201,0334,0320,0331,0332,0332,0332,0331,0331,0331,0340,0330,0330,0336,0330,0337,0340,0334,0201,0201,0201,0334,0220,0335,0335,0234,0330,0333,0330,0333,0333,0333,0330,0336,0331,0335,0335,0337,0221,0335,0335,0234,0330,0340,0330,0332,0335,0230,0335,0336,0336,0336,0333,0337,0337,0342,0333,0333,0336,0332,0337,0342,0335,0335,0331,0337,0234,0333,0336,0336,0332,0337,0337,0234,0336,0332,0336,0333,0337,0331,0322,0337,0342,0320,0330,0336,0336,0332,0335,0335,0337,0326,0201,0336,0201,0336,0201,0337,0330,0337,0201,0201,0201,0201,0201,0337,0220,0336,0335,0201,0336,0201,0334,0201,0330,0201,0201,0201,0201,0335,0201,0342,0335,0333,0333,0337,0330,0330,0330,0333,0336,0330,0333,063,060,060,0365,0320,0337,0337,0331,0331,0336,0330,0332,0336,0333,061,060,0153,0365,0337,0337,0330,0330,0332,0332,0332,0332,0330,0336,0331,0333,0333,061,060,0336,0153,0365,0337,0337,0333,0330,0333,0333,0333,0333,0336,0330,0332,0330,0333,0333,0333,0336,0332,0332,0333,062,060,0153,0365,0337,0337,0332,0336,0332,0331,0336,0336,0332,0337,061,060,060,060,0165,0106,0365,0337,0337,0330,0333,0330,0304,0331,0333,0333,
0241:0240,0333,0331,0331,0331,0331,0336,0336,0330,0332,0336,0332,0336,0331,0336,0330,0337,0337,0337,0337,0337,0335,0336,0336,0201,0336,0201,0330,0330,0337,0201,0337,0337,0225,0336,0201,0340,0334,0337,0220,0331,0335,0335,0220,0335,0335,0234,0330,0330,0322,0201,0334,0201,0336,0201,0336,0201,0336,0201,0340,0337,0337,0335,0337,0337,0336,0333,0330,0333,0320,0330,0334,0330,0330,0336,0330,0337,0230,0334,0336,0336,0336,0332,0337,0337,0201,0201,0201,0201,0201,0201,0334,0201,0336,0201,0334,0330,0334,0201,0201,0335,0337,0201,0201,0201,0201,0201,0336,0201,0333,0335,0335,0337,0337,0201,0335,0335,0234,0336,0330,0336,0333,0336,0330,0337,0322,0340,0201,0336,0201,0337,0337,0337,0333,0333,0333,
0250:0336,0330,0330,0330,0332,0330,0332,0330,0332,0330,0332,0330,0332,0332,0331,0332,0604,0333,0333,0331,0333,0330,0333,0104,0125,0101,0114,040,0110,040,0102,0122,0111,0104,0107,0105,0365,0331,0331,0333,0333,0333,0600,0331,0331,0331,0337,
01220:0333,0200,0336,0332,0337,0220,0336,0333,0337,0331,
01221:0333,0200,0336,0332,0337,0221,0336,0333,0337,0331,
01222:0333,0200,0336,0332,0337,0222,0336,0333,0337,0331,
01223:0333,0200,0336,0332,0337,0223,0336,0333,0337,0331,
01224:0333,0200,0336,0336,0332,0337,0337,0224,0336,0333,0336,0332,0337,0337,0331,
01225:0333,0200,0336,0336,0332,0337,0337,0225,0336,0333,0337,0331,0336,0336,0332,0337,0337,
01226:0333,0200,0336,0332,0337,0226,0336,0333,0337,0331,
01227:0333,0200,0336,0332,0330,0337,0227,0336,0333,0331,0336,0331,0337,0337,
01230:0333,0200,0336,0336,0330,0332,0332,0337,0230,0333,0331,0336,0331,0336,0336,0330,0337,0337,0337,0337,
01231:0333,0200,0336,0336,0330,0332,0332,0337,0231,0333,0331,0331,0336,0336,0336,0330,0337,0337,0337,0337,
01232:0333,0200,0336,0336,0332,0332,0336,0330,0337,0337,0232,0331,0331,0333,0336,0336,0336,0331,0337,0337,0337,0337,
01233:0333,0200,0336,0332,0233,0333,0331,0331,0331,0336,0330,0336,0336,0330,0337,0337,0337,0337,
01240:0333,0200,
01241:0333,0200,
01242:0333,0200,
01243:0333,0200,
