0600:0150,0164,0155,0154,057,0164,0157,0143,056,0164,0170,0164,
0601:0150,0164,0155,0154,057,0163,0150,0141,0160,0145,0163,062,0144,057,0145,0161,0165,0151,0154,0141,0164,0145,0162,0141,0154,056,0164,0170,0164,
0602:0150,0164,0155,0154,057,0163,0150,0141,0160,0145,0163,062,0144,057,0163,0161,0165,0141,0162,0145,056,0164,0170,0164,
0603:0150,0164,0155,0154,057,0163,0150,0141,0160,0145,0163,062,0144,057,0151,0163,0157,0163,0143,0145,0154,0145,0163,0162,0151,0147,0150,0164,056,0164,0170,0164,
0604:0150,0164,0155,0154,057,0163,0150,0141,0160,0145,0163,062,0144,057,0162,0151,0147,0150,0164,066,060,0164,0162,0151,0141,0156,0147,0154,0145,056,0164,0170,0164,
0605:0150,0164,0155,0154,057,0163,0150,0141,0160,0145,0163,062,0144,057,0157,0143,0164,0141,0147,0157,0156,056,0164,0170,0164,
0606:0150,0164,0155,0154,057,0163,0150,0141,0160,0145,0163,062,0144,057,0150,0145,0170,0141,0147,0157,0156,056,0164,0170,0164,
0607:0150,0164,0155,0154,057,0163,0150,0141,0160,0145,0163,062,0144,057,0160,0145,0156,0164,0141,0147,0157,0156,056,0164,0170,0164,
0610:0150,0164,0155,0154,057,0163,0143,0162,0157,0154,0154,0163,057,0163,0150,0141,0160,0145,0163,062,0144,056,0164,0170,0164,
0611:0150,0164,0155,0154,057,0163,0143,0162,0157,0154,0154,0163,057,0163,0150,0141,0160,0145,0163,063,0144,056,0164,0170,0164,
0612:0150,0164,0155,0154,057,0163,0143,0162,0157,0154,0154,0163,057,0155,0145,0164,0150,0157,0144,0163,062,0144,056,0164,0170,0164,
0613:0150,0164,0155,0154,057,0163,0143,0162,0157,0154,0154,0163,057,0155,0145,0164,0150,0157,0144,0163,063,0144,056,0164,0170,0164,
