0501:0150,0164,0164,0160,0163,072,057,057,0151,056,0151,0155,0147,0165,0162,056,0143,0157,0155,057,061,0102,0150,0145,065,065,066,056,0152,0160,0147,
01501:01164,01150,01151,01156,01143,01141,01162,01144,01142,01157,01141,01162,01144,01061,
0502:0150,0164,0164,0160,0163,072,057,057,0151,056,0151,0155,0147,0165,0162,056,0143,0157,0155,057,0110,0145,0162,0156,0111,0146,0121,056,0152,0160,0147,
01502:01164,01150,01151,01156,01143,01141,01162,01144,01142,01157,01141,01162,01144,01062,
0503:0150,0164,0164,0160,0163,072,057,057,0151,056,0151,0155,0147,0165,0162,056,0143,0157,0155,057,0161,064,0164,0104,0167,0122,0152,056,0152,0160,0147,
01503:01143,01154,01141,01163,01163,01151,01143,01141,01154,01061,
0504:0150,0164,0164,0160,0163,072,057,057,0151,056,0151,0155,0147,0165,0162,056,0143,0157,0155,057,0121,0154,066,0155,0144,0113,067,056,0152,0160,0147,
01504:01143,01154,01141,01163,01163,01151,01143,01141,01154,01062,
0505:0150,0164,0164,0160,0163,072,057,057,0151,056,0151,0155,0147,0165,0162,056,0143,0157,0155,057,0111,0157,070,0164,0125,0151,0152,056,0152,0160,0147,
01505:01143,01154,01141,01163,01163,01151,01143,01141,01154,01063,
0506:0150,0164,0164,0160,0163,072,057,057,0151,056,0151,0155,0147,0165,0162,056,0143,0157,0155,057,0141,0113,0107,0160,0167,0152,0112,056,0152,0160,0147,
01506:01143,01154,01141,01163,01163,01151,01143,01141,01154,01064,
0507:0150,0164,0164,0160,0163,072,057,057,0151,056,0151,0155,0147,0165,0162,056,0143,0157,0155,057,0131,071,0117,0105,0132,0120,0120,056,0152,0160,0147,
01507:01143,01154,01141,01163,01163,01151,01143,01141,01154,01065,
0510:0150,0164,0164,0160,0163,072,057,057,0151,056,0151,0155,0147,0165,0162,056,0143,0157,0155,057,0131,071,0117,0105,0132,0120,0120,056,0152,0160,0147,
01510:01144,01145,01162,01160,
0511:0150,0164,0164,0160,0163,072,057,057,0151,056,0151,0155,0147,0165,0162,056,0143,0157,0155,057,0155,0172,0106,0146,0131,0145,0165,056,0152,0160,0147,
01511:01143,01154,01141,01163,01163,01151,01143,01141,01154,01067,
0512:0150,0164,0164,0160,0163,072,057,057,0151,056,0151,0155,0147,0165,0162,056,0143,0157,0155,057,0127,0141,0142,0153,0113,0146,0115,056,0152,0160,0147,
01512:01143,01154,01141,01163,01163,01151,01143,01141,01154,01070,
0513:0150,0164,0164,0160,0163,072,057,057,0151,056,0151,0155,0147,0165,0162,056,0143,0157,0155,057,0126,0163,0146,0161,0171,0114,0157,056,0152,0160,0147,
01513:01144,01151,01162,01164,
0514:0150,0164,0164,0160,0163,072,057,057,0151,056,0151,0155,0147,0165,0162,056,0143,0157,0155,057,0144,0103,0167,0107,0107,0120,065,056,0152,0160,0147,
01514:01144,01151,01162,01164,01143,01151,01162,01143,01154,01145,
0515:0150,0164,0164,0160,0163,072,057,057,0151,056,0151,0155,0147,0165,0162,056,0143,0157,0155,057,0103,0130,0145,0146,0120,0151,0111,056,0160,0156,0147,
01515:01164,01150,01145,01162,01141,01156,01157,01163,
0516:0150,0164,0164,0160,0163,072,057,057,0151,056,0151,0155,0147,0165,0162,056,0143,0157,0155,057,0146,0167,0142,0142,0146,0114,0172,056,0160,0156,0147,
01516:01155,01165,01163,01153,
