0220:0336,0336,0336,0336,0334,0362,0203,0335,0337,0337,0337,0337,0203,0335,0336,0336,0336,0203,0335,0337,0337,0337,0203,0335,0336,0336,0336,0336,0203,0363,0335,0337,0337,0337,0337,0330,
0221:0336,0336,0336,0336,0332,0337,0332,0335,0330,0362,0203,0331,0331,0350,0334,0337,0346,0334,0330,0304,0335,0335,0336,0203,0330,0334,0350,0334,0345,0363,0334,0330,0336,0330,0304,0334,0337,0337,0337,0337,
0222:0336,0336,0336,0336,0333,0337,0334,0362,0203,0331,0331,0337,0350,0335,0345,0333,0334,0334,0334,0336,0203,0335,0335,0335,0335,0331,0334,0346,0363,0335,0330,0336,0330,0304,0335,0337,0337,0337,0337,
0223:0336,0336,0310,0336,0321,0347,0320,0341,0336,0336,0347,0337,0337,0337,0313,0337,0337,
0224:0336,0336,0335,0201,0334,0333,0333,0331,0337,0200,0336,0330,0335,0342,0334,0331,0332,0336,0330,0332,0337,01011,0130,01011,0365,0333,0336,0333,0330,0337,0333,0337,0337,
0225:0341,0210,0350,0350,0350,0335,0304,0336,0336,0336,0330,0337,0337,0337,
0247:0326,0335,0335,0335,0220,0306,0335,0335,0304,0220,0306,0335,0335,0304,0220,0336,0336,0336,0336,0347,0335,0335,0335,0334,0334,0337,0337,0337,0337,0335,0330,0336,0336,0336,0336,0347,0337,0337,0337,0337,0306,0334,0334,0330,0336,0336,0336,0336,0347,0335,0335,0335,0337,0337,0337,0337,0336,0333,0334,0336,0334,0304,0335,0336,0330,0332,0337,0342,0336,0333,0337,0342,0336,0333,0337,0342,0331,0331,0332,0332,0332,0332,0336,0330,0332,0333,0337,0350,0335,0320,0362,0203,0335,0203,0335,0335,0335,0203,0335,0203,0363,0331,0335,0335,0335,0324,0362,0203,0335,0203,0335,0335,0335,0203,0335,0203,0363,0331,0335,0335,0335,0320,0362,0203,0335,0203,0335,0335,0335,0203,0335,0203,0363,0331,0335,0335,0335,0324,0362,0203,0335,0203,0335,0335,0335,0203,0335,0203,0363,0335,0335,0335,0333,0320,0362,0203,0335,0203,0335,0335,0335,0203,0335,0203,0363,0331,0335,0335,0335,0324,0362,0203,0335,0203,0335,0335,0335,0203,0335,0203,0363,
01220:0333,0200,0336,0332,0337,0220,0336,0333,0337,0331,
01221:0333,0200,0336,0332,0330,0337,0221,0335,0333,0331,0336,0330,0332,0336,0333,0331,0336,0336,0330,0332,0337,0337,0337,0337,
01222:0333,0200,0336,0332,0337,0336,0330,0337,0222,0333,0334,0336,0330,0333,0336,0331,0332,0336,0336,0330,0333,0337,0337,0337,0337,
01223:0333,0200,0336,0332,0337,0330,0336,0331,0337,0223,0336,0333,0331,0337,
01224:0333,0200,
01225:0333,0200,0336,0332,0337,0225,0336,0333,0337,
01226:0333,0200,0336,0332,0337,0226,0336,0333,0337,0331,
01227:0333,0200,0336,0332,0337,0227,0336,0333,0337,0331,
01230:0333,0200,0336,0332,0337,0230,0336,0333,0337,0331,
01231:0333,0200,0332,0336,0330,0337,0231,0336,0331,0337,
01232:0333,0200,0332,0336,0330,0337,0232,0336,0331,0336,0336,0336,0336,0333,0337,0337,0337,0337,0337,
01233:0333,0200,0332,0336,0330,0337,0233,0336,0331,0336,0336,0336,0336,0333,0337,0337,0337,0337,0337,
01234:0333,0200,0336,0330,0332,0336,0331,0333,0332,0337,0234,0333,0331,0336,0331,0337,0337,
01235:0333,0200,0336,0332,0235,0333,0331,0336,0331,0337,0337,
01236:0333,0200,0336,0330,0332,0236,0333,0331,0331,0336,0336,0330,0337,0337,0337,
01237:0333,
01240:0240,0333,0333,
01241:0241,0333,0333,
01242:0242,0333,0333,
01243:0333,0200,0332,0336,0330,0337,0243,0336,0331,0337,
01244:0333,0200,0332,0336,0330,0337,0244,0336,0331,0337,
01245:0333,0200,

0220:0336,0336,0335,0201,0334,0331,0333,0333,0337,0200,0336,0332,0336,0330,0332,0337,
0221:0365,0333,0336,0330,0333,0337,0335,0201,0334,0337,0337,
0222:0220,0130,0221,
0223:0220,0131,0221,
0224:0220,0132,0221,
0225:0220,0110,0221,
0226:0220,0123,0221,
0227:0220,0124,0221,0304,
0230:0335,0342,0333,0342,0334,0336,0333,0336,0336,0341,0335,0335,0342,0335,0335,0337,0337,0337,0201,0336,0336,0336,0347,0337,0337,0333,0337,
0231:0335,0342,0333,0342,0336,0330,0334,0337,0342,0336,0336,0350,0335,0342,0335,0335,0342,0335,0335,0342,0335,0335,0342,0335,0337,0337,0330,0336,0336,0335,0342,0335,0335,0342,0335,0335,0342,0335,0335,0342,0335,0304,0337,0333,0337,
0232:0335,0342,0336,0330,0334,0336,0336,0347,0337,0337,0337,0331,0336,0332,0337,0224,0336,0336,0330,0332,0332,0337,0336,0201,0201,0201,0333,0333,0337,0337,
0233:0335,0342,0336,0330,0334,0336,0336,0347,0337,0337,0337,0331,0336,0332,0337,0226,0336,0336,0330,0332,0332,0337,0336,0201,0201,0201,0333,0333,0337,0337,
0234:0335,0342,0333,0342,0333,0342,0334,0336,0333,0336,0336,0341,0331,0201,0337,0337,0337,0201,0342,0336,0336,0336,0347,0337,0337,0337,0330,0336,0336,0336,0347,0337,0337,0333,0337,
0235:0335,0342,0333,0342,0333,0342,0334,0336,0333,0336,0350,0335,0342,0335,0335,0342,0335,0335,0342,0335,0335,0342,0335,0337,0337,0201,0336,0336,0335,0342,0335,0335,0342,0335,0335,0342,0335,0335,0342,0335,0337,0337,0304,0201,0336,0336,0336,0347,0337,0337,0333,0337,
0236:0335,0201,0334,0336,0331,0337,0201,0335,0201,0336,0201,0335,0201,0201,0335,0201,0201,0201,0335,0333,0336,0333,0337,0337,0210,0210,0306,0343,0211,0211,0350,0335,0342,0330,0335,0335,0335,0335,0335,0335,0336,0336,0336,0335,0342,0334,0334,0342,0335,0337,0337,0337,0330,0334,0304,0335,0335,0336,0330,0332,0336,0332,0337,0332,0332,0337,
0237:0335,0201,0334,
0240:0335,0336,0336,0336,0336,0336,0332,0337,0337,0337,0337,0337,0342,0336,0336,0336,0336,0333,0337,0337,0337,0337,0342,0336,0336,0336,0336,0336,0332,0337,0337,0337,0337,0337,0330,0334,
0241:0335,0342,0336,0330,0334,0306,0350,0335,0336,0336,0342,0335,0335,0335,0335,0335,0335,0342,0335,0335,0335,0335,0335,0304,0330,0332,0337,0156,0365,0333,0333,0336,0331,0333,0337,0337,0337,
0242:0336,0336,0336,0336,0332,0337,0330,0333,0337,0337,061,0365,0336,0336,0331,0337,0337,0362,0203,0336,0203,0334,0336,0336,0203,0334,0337,0337,0203,0203,0203,0334,0336,0336,0203,0363,0334,0337,0337,0333,0333,0312,0337,0313,0336,0306,0350,0335,0362,0203,0203,0334,0334,0203,0203,0334,0334,0336,0336,0203,0334,0334,0334,0334,0337,0337,0337,0203,0335,0335,0203,0334,0334,0334,0334,0336,0336,0336,0203,0363,0304,0334,0337,0337,0337,0312,0336,0313,0332,0332,0336,0336,0332,0337,0337,0337,0337,
0243:0336,0336,0336,0336,0332,0337,0330,0333,0337,0337,060,0365,0336,0336,0331,0337,0337,0362,0203,0336,0203,0334,0336,0336,0203,0334,0337,0337,0203,0203,0203,0334,0336,0336,0203,0363,0334,0337,0337,0333,0333,0312,0337,0313,0336,0306,0350,0335,0362,0203,0203,0334,0334,0203,0203,0334,0334,0336,0336,0203,0334,0334,0334,0334,0337,0337,0337,0203,0335,0335,0203,0334,0334,0334,0334,0336,0336,0336,0203,0363,0304,0334,0337,0337,0337,0312,0336,0313,0332,0332,0336,0336,0332,0337,0337,0337,0337,
0260:0330,0332,0332,0332,0336,0330,0222,0223,0224,0225,0226,0227,0230,0231,0232,0233,0234,0235,0236,0332,0332,0332,0332,0332,0331,0332,0332,0332,0332,0332,0332,0332,0331,0333,0331,0336,0332,0332,0170,0365,0333,0333,0171,0365,0333,0333,0172,0365,0333,0333,0333,0150,0365,0333,0333,0163,0365,0164,0333,0333,0365,0116,0333,0336,0333,0337,0365,0167,0333,0333,0365,0132,0333,0333,0365,0333,0333,0123,0365,0333,0333,0124,0365,0106,0333,0333,0365,0155,0333,0333,0333,0333,0333,0330,0330,0330,0365,0161,0333,0333,0333,0365,0333,0333,0142,0365,0156,0333,0333,0333,0333,0365,0330,0330,0332,0332,0332,0332,0332,0332,0237,0330,0337,0240,0333,0241,0300,0330,0332,0332,0332,0332,0332,0336,0330,0242,0333,0330,0333,0331,0243,0333,0330,0333,
01220:0333,0200,0336,0336,0330,0332,0337,0200,0330,0336,0330,0332,0332,0334,0366,0335,0335,0333,0333,0331,0367,0366,0330,0335,0335,0332,0332,0367,0335,0333,0333,0333,0337,0337,
01221:0333,0200,0336,0336,0330,0332,0337,0200,0336,0331,0335,0366,0330,0332,0332,0335,0335,0367,0366,0333,0333,0335,0335,0331,0367,0334,0333,0331,0331,0331,0331,0337,0337,
01222:0333,0200,0336,0330,0332,0332,0337,0222,0336,0331,0337,
01223:0333,0200,0336,0330,0332,0332,0337,0223,0336,0331,0337,
01224:0333,0200,0336,0330,0332,0332,0337,0224,0336,0331,0337,
01225:0333,0200,0336,0330,0332,0332,0337,0225,0336,0331,0337,
01226:0333,0200,0336,0330,0332,0332,0337,0226,0336,0331,0337,
01227:0333,0200,0336,0330,0332,0332,0337,0227,0336,0331,0337,
01230:0333,0200,0330,0332,0336,0333,0331,0336,0330,0332,0337,0230,0336,0333,0331,0330,0330,0337,0337,0331,
01231:0333,0200,0330,0332,0336,0336,0333,0331,0337,0231,0336,0333,0330,0337,0337,0331,
01232:0333,0200,0330,0332,0336,0336,0333,0331,0337,0232,0336,0333,0330,0337,0337,0331,
01233:0333,0200,0330,0332,0336,0336,0333,0331,0337,0233,0336,0330,0333,0337,0337,0331,
01234:0333,0200,0336,0330,0330,0332,0332,0336,0333,0337,0234,0336,0333,0337,0337,0331,
01235:0333,0200,0336,0330,0330,0332,0336,0332,0337,0235,0336,0333,0337,0337,0331,
01236:0333,0200,0336,0330,0332,0332,0332,0336,0333,0337,0336,0333,0211,0211,0236,0210,0210,0337,0331,0337,0333,
01237:0333,0200,0336,0330,0332,0332,0337,0237,0336,0331,0337,
01240:0333,0200,0336,0330,0332,0332,0337,0240,0336,0331,0337,
01241:0333,0200,0336,0330,0332,0332,0337,0241,0336,0331,0337,
01242:0333,0200,0332,0336,0336,0336,0330,0333,0337,0337,0337,0242,0333,0336,0336,0336,0332,0331,0337,0337,0337,
01243:0333,0200,0332,0336,0336,0336,0330,0333,0337,0337,0337,0243,0333,0336,0336,0336,0332,0331,0337,0337,0337,