0600:0150,0164,0155,0154,057,0164,0157,0143,056,0164,0170,0164,
0601:0150,0164,0155,0154,057,0143,0141,0162,0144,0144,0145,0143,0153,056,0164,0170,0164,
0602:0150,0164,0155,0154,057,0157,0160,0164,0151,0143,0141,0154,0160,0151,0143,0153,0165,0160,056,0164,0170,0164,
0603:0150,0164,0155,0154,057,0163,0141,0155,0164,0145,0143,056,0164,0170,0164,
0604:0150,0164,0155,0154,057,0144,0165,0141,0154,0150,0142,0162,0151,0144,0147,0145,056,0164,0170,0164,
0605:0150,0164,0155,0154,057,0141,0162,0144,0165,0151,0156,0157,056,0164,0170,0164,
0606:0150,0164,0155,0154,057,0165,0163,0142,056,0164,0170,0164,
0607:0150,0164,0155,0154,057,0160,0145,0156,0156,0171,0143,0157,0156,0156,0145,0143,0164,0157,0162,056,0164,0170,0164,
0610:0150,0164,0155,0154,057,0163,0164,0145,0160,0160,0145,0162,056,0164,0170,0164,
0611:0150,0164,0155,0154,057,0150,0142,0162,0151,0144,0147,0145,056,0164,0170,0164,
0612:0150,0164,0155,0154,057,0170,0171,0163,0164,0141,0147,0145,056,0164,0170,0164,
0613:0150,0164,0155,0154,057,0170,0171,0143,0141,0142,0154,0145,0163,056,0164,0170,0164,
0614:0150,0164,0155,0154,057,0164,0165,0162,0164,0154,0145,056,0164,0170,0164,
