01220:0333,0200,
01221:0333,0200,
01222:0333,0200,
01223:0333,0200,
01224:0333,0200,
01225:0333,0200,
01226:0333,0200,
01227:0333,0200,
01230:0333,0200,
01231:0333,0200,
01232:0333,0200,
01233:0333,0200,
01234:0333,0200,
01235:0333,0200,
01236:0333,0200,
01237:0333,0200,
01240:0333,0200,
01241:0333,0200,
01242:0333,0200,
01243:0333,0200,
01245:0333,0200,
01250:0333,0200,
01251:0333,0200,
01252:0333,0200,
01253:0333,0200,
0260:0331,0332,0332,0332,0331,0332,0336,0333,0230,0334,0335,0236,0336,0201,0337,0234,0336,0201,0337,0334,0232,0335,0201,0201,0201,0201,0335,0201,0334,0233,0335,0201,0201,0201,0201,0201,0201,0334,0337,0336,0336,0336,0330,0332,0337,0332,0331,0337,0337,0240,0331,0331,0332,0332,0332,0331,0332,0332,0331,0333,0336,0333,0331,0336,0330,0332,0336,0333,0336,0336,0336,0330,0333,0337,0337,0337,0337,0337,0335,0335,0335,0335,0223,0333,0333,0337,0333,0337,0333,0333,0333,0330,
01240:0240,0333,0333,
01241:0241,0333,0333,
01242:0242,0333,0333,
01243:0333,0200,0332,0336,0330,0337,0243,0336,0331,0337,
01244:0333,0200,0332,0336,0330,0337,0244,0336,0331,0337,
01245:0333,0200,
